191.98 -500.00
192.02 -499.00
192.06 -498.00
192.10 -497.00
192.14 -496.00
192.18 -495.00
192.23 -494.00
192.27 -493.00
192.32 -492.00
192.37 -491.00
192.42 -490.00
192.47 -489.00
192.52 -488.00
192.57 -487.00
192.62 -486.00
192.68 -485.00
192.73 -484.00
192.79 -483.00
192.85 -482.00
192.91 -481.00
192.97 -480.00
193.03 -479.00
193.09 -478.00
193.15 -477.00
193.21 -476.00
193.28 -475.00
193.34 -474.00
193.41 -473.00
193.47 -472.00
193.54 -471.00
193.61 -470.00
193.68 -469.00
193.75 -468.00
193.82 -467.00
193.89 -466.00
193.97 -465.00
194.04 -464.00
194.12 -463.00
194.19 -462.00
194.27 -461.00
194.34 -460.00
194.42 -459.00
194.50 -458.00
194.58 -457.00
194.66 -456.00
194.74 -455.00
194.82 -454.00
194.91 -453.00
194.99 -452.00
195.07 -451.00
195.16 -450.00
195.24 -449.00
195.33 -448.00
195.41 -447.00
195.50 -446.00
195.59 -445.00
195.68 -444.00
195.77 -443.00
195.86 -442.00
195.95 -441.00
196.04 -440.00
196.13 -439.00
196.22 -438.00
196.31 -437.00
196.41 -436.00
196.50 -435.00
196.59 -434.00
196.69 -433.00
196.78 -432.00
196.88 -431.00
196.98 -430.00
197.07 -429.00
197.17 -428.00
197.27 -427.00
197.37 -426.00
197.47 -425.00
197.56 -424.00
197.66 -423.00
197.76 -422.00
197.86 -421.00
197.96 -420.00
198.07 -419.00
198.17 -418.00
198.27 -417.00
198.37 -416.00
198.47 -415.00
198.58 -414.00
198.68 -413.00
198.78 -412.00
198.89 -411.00
198.99 -410.00
199.10 -409.00
199.20 -408.00
199.31 -407.00
199.41 -406.00
199.52 -405.00
199.62 -404.00
199.73 -403.00
199.83 -402.00
199.94 -401.00
200.05 -400.00
200.15 -399.00
200.26 -398.00
200.37 -397.00
200.48 -396.00
200.58 -395.00
200.69 -394.00
200.80 -393.00
200.91 -392.00
201.01 -391.00
201.12 -390.00
201.23 -389.00
201.34 -388.00
201.45 -387.00
201.55 -386.00
201.66 -385.00
201.77 -384.00
201.88 -383.00
201.99 -382.00
202.10 -381.00
202.21 -380.00
202.31 -379.00
202.42 -378.00
202.53 -377.00
202.64 -376.00
202.75 -375.00
202.86 -374.00
202.96 -373.00
203.07 -372.00
203.18 -371.00
203.29 -370.00
203.40 -369.00
203.50 -368.00
203.61 -367.00
203.72 -366.00
203.83 -365.00
203.93 -364.00
204.04 -363.00
204.15 -362.00
204.25 -361.00
204.36 -360.00
204.47 -359.00
204.57 -358.00
204.68 -357.00
204.78 -356.00
204.89 -355.00
204.99 -354.00
205.10 -353.00
205.20 -352.00
205.31 -351.00
205.41 -350.00
205.51 -349.00
205.62 -348.00
205.72 -347.00
205.82 -346.00
205.92 -345.00
206.03 -344.00
206.13 -343.00
206.23 -342.00
206.33 -341.00
206.43 -340.00
206.53 -339.00
206.63 -338.00
206.72 -337.00
206.82 -336.00
206.92 -335.00
207.02 -334.00
207.11 -333.00
207.21 -332.00
207.30 -331.00
207.40 -330.00
207.49 -329.00
207.58 -328.00
207.67 -327.00
207.76 -326.00
207.85 -325.00
207.94 -324.00
208.03 -323.00
208.12 -322.00
208.20 -321.00
208.29 -320.00
208.37 -319.00
208.45 -318.00
208.54 -317.00
208.62 -316.00
208.70 -315.00
208.77 -314.00
208.85 -313.00
208.93 -312.00
209.00 -311.00
209.08 -310.00
209.15 -309.00
209.22 -308.00
209.29 -307.00
209.36 -306.00
209.43 -305.00
209.49 -304.00
209.56 -303.00
209.62 -302.00
209.68 -301.00
209.74 -300.00
209.80 -299.00
209.86 -298.00
209.91 -297.00
209.97 -296.00
210.02 -295.00
210.07 -294.00
210.12 -293.00
210.17 -292.00
210.21 -291.00
210.26 -290.00
210.30 -289.00
210.34 -288.00
210.38 -287.00
210.42 -286.00
210.45 -285.00
210.48 -284.00
210.52 -283.00
210.54 -282.00
210.57 -281.00
210.60 -280.00
210.62 -279.00
210.64 -278.00
210.66 -277.00
210.68 -276.00
210.70 -275.00
210.71 -274.00
210.72 -273.00
210.73 -272.00
210.74 -271.00
210.75 -270.00
210.75 -269.00
210.76 -268.00
210.76 -267.00
210.76 -266.00
210.76 -265.00
210.76 -264.00
210.75 -263.00
210.75 -262.00
210.74 -261.00
210.73 -260.00
210.72 -259.00
210.71 -258.00
210.70 -257.00
210.68 -256.00
210.67 -255.00
210.65 -254.00
210.63 -253.00
210.61 -252.00
210.59 -251.00
210.57 -250.00
210.55 -249.00
210.52 -248.00
210.50 -247.00
210.47 -246.00
210.45 -245.00
210.42 -244.00
210.39 -243.00
210.36 -242.00
210.33 -241.00
210.30 -240.00
210.27 -239.00
210.23 -238.00
210.20 -237.00
210.17 -236.00
210.13 -235.00
210.10 -234.00
210.06 -233.00
210.02 -232.00
209.98 -231.00
209.95 -230.00
209.91 -229.00
209.87 -228.00
209.83 -227.00
209.79 -226.00
209.75 -225.00
209.70 -224.00
209.66 -223.00
209.62 -222.00
209.58 -221.00
209.54 -220.00
209.49 -219.00
209.45 -218.00
209.41 -217.00
209.36 -216.00
209.32 -215.00
209.27 -214.00
209.23 -213.00
209.18 -212.00
209.14 -211.00
209.09 -210.00
209.05 -209.00
209.00 -208.00
208.95 -207.00
208.90 -206.00
208.85 -205.00
208.80 -204.00
208.75 -203.00
208.70 -202.00
208.65 -201.00
208.60 -200.00
208.54 -199.00
208.49 -198.00
208.43 -197.00
208.38 -196.00
208.32 -195.00
208.26 -194.00
208.20 -193.00
208.14 -192.00
208.08 -191.00
208.02 -190.00
207.95 -189.00
207.89 -188.00
207.82 -187.00
207.75 -186.00
207.68 -185.00
207.61 -184.00
207.54 -183.00
207.47 -182.00
207.39 -181.00
207.32 -180.00
207.24 -179.00
207.16 -178.00
207.08 -177.00
207.00 -176.00
206.91 -175.00
206.83 -174.00
206.74 -173.00
206.65 -172.00
206.56 -171.00
206.47 -170.00
206.37 -169.00
206.28 -168.00
206.18 -167.00
206.08 -166.00
205.97 -165.00
205.87 -164.00
205.76 -163.00
205.65 -162.00
205.54 -161.00
205.43 -160.00
205.31 -159.00
205.20 -158.00
205.08 -157.00
204.96 -156.00
204.83 -155.00
204.70 -154.00
204.58 -153.00
204.44 -152.00
204.31 -151.00
204.17 -150.00
204.04 -149.00
203.90 -148.00
203.75 -147.00
203.61 -146.00
203.46 -145.00
203.31 -144.00
203.16 -143.00
203.01 -142.00
202.86 -141.00
202.70 -140.00
202.55 -139.00
202.39 -138.00
202.23 -137.00
202.07 -136.00
201.90 -135.00
201.74 -134.00
201.58 -133.00
201.41 -132.00
201.24 -131.00
201.07 -130.00
200.90 -129.00
200.73 -128.00
200.56 -127.00
200.39 -126.00
200.22 -125.00
200.04 -124.00
199.87 -123.00
199.70 -122.00
199.52 -121.00
199.35 -120.00
199.17 -119.00
199.00 -118.00
198.82 -117.00
198.64 -116.00
198.47 -115.00
198.29 -114.00
198.11 -113.00
197.94 -112.00
197.76 -111.00
197.59 -110.00
197.41 -109.00
197.24 -108.00
197.06 -107.00
196.89 -106.00
196.71 -105.00
196.54 -104.00
196.37 -103.00
196.19 -102.00
196.02 -101.00
195.85 -100.00
195.68 -99.00
195.52 -98.00
195.35 -97.00
195.18 -96.00
195.02 -95.00
194.85 -94.00
194.69 -93.00
194.53 -92.00
194.37 -91.00
194.21 -90.00
194.05 -89.00
193.90 -88.00
193.74 -87.00
193.59 -86.00
193.44 -85.00
193.29 -84.00
193.15 -83.00
193.00 -82.00
192.86 -81.00
192.72 -80.00
192.58 -79.00
192.44 -78.00
192.31 -77.00
192.18 -76.00
192.05 -75.00
191.92 -74.00
191.80 -73.00
191.68 -72.00
191.56 -71.00
191.44 -70.00
191.33 -69.00
191.22 -68.00
191.11 -67.00
191.00 -66.00
190.90 -65.00
190.79 -64.00
190.69 -63.00
190.60 -62.00
190.50 -61.00
190.41 -60.00
190.32 -59.00
190.23 -58.00
190.15 -57.00
190.07 -56.00
189.99 -55.00
189.91 -54.00
189.83 -53.00
189.76 -52.00
189.69 -51.00
189.62 -50.00
189.55 -49.00
189.48 -48.00
189.42 -47.00
189.36 -46.00
189.30 -45.00
189.25 -44.00
189.19 -43.00
189.14 -42.00
189.09 -41.00
189.04 -40.00
189.00 -39.00
188.96 -38.00
188.91 -37.00
188.88 -36.00
188.84 -35.00
188.80 -34.00
188.77 -33.00
188.74 -32.00
188.71 -31.00
188.68 -30.00
188.66 -29.00
188.63 -28.00
188.61 -27.00
188.59 -26.00
188.57 -25.00
188.56 -24.00
188.54 -23.00
188.53 -22.00
188.52 -21.00
188.51 -20.00
188.51 -19.00
188.50 -18.00
188.50 -17.00
188.50 -16.00
188.50 -15.00
188.50 -14.00
188.50 -13.00
188.51 -12.00
188.51 -11.00
188.52 -10.00
188.53 -9.00
188.55 -8.00
188.56 -7.00
188.58 -6.00
188.59 -5.00
188.61 -4.00
188.63 -3.00
188.65 -2.00
188.68 -1.00
188.70  0.00
188.73  1.00
188.76  2.00
188.79  3.00
188.82  4.00
188.85  5.00
188.88  6.00
188.92  7.00
188.95  8.00
188.99  9.00
189.03 10.00
189.07 11.00
189.12 12.00
189.16 13.00
189.20 14.00
189.25 15.00
189.30 16.00
189.34 17.00
189.39 18.00
189.45 19.00
189.50 20.00
189.55 21.00
189.60 22.00
189.66 23.00
189.71 24.00
189.77 25.00
189.83 26.00
189.89 27.00
189.94 28.00
190.00 29.00
190.07 30.00
190.13 31.00
190.19 32.00
190.25 33.00
190.31 34.00
190.38 35.00
190.44 36.00
190.51 37.00
190.57 38.00
190.64 39.00
190.71 40.00
190.77 41.00
190.84 42.00
190.91 43.00
190.97 44.00
191.04 45.00
191.11 46.00
191.18 47.00
191.25 48.00
191.32 49.00
191.38 50.00
191.45 51.00
191.52 52.00
191.59 53.00
191.66 54.00
191.73 55.00
191.80 56.00
191.87 57.00
191.93 58.00
192.00 59.00
192.07 60.00
192.14 61.00
192.21 62.00
192.27 63.00
192.34 64.00
192.41 65.00
192.47 66.00
192.54 67.00
192.60 68.00
192.67 69.00
192.73 70.00
192.80 71.00
192.86 72.00
192.92 73.00
192.98 74.00
193.04 75.00
193.10 76.00
193.16 77.00
193.22 78.00
193.28 79.00
193.34 80.00
193.39 81.00
193.45 82.00
193.50 83.00
193.55 84.00
193.61 85.00
193.66 86.00
193.71 87.00
193.75 88.00
193.80 89.00
193.85 90.00
193.89 91.00
193.94 92.00
193.98 93.00
194.02 94.00
194.06 95.00
194.10 96.00
194.14 97.00
194.18 98.00
194.22 99.00
194.25 100.00
194.29 101.00
194.32 102.00
194.36 103.00
194.39 104.00
194.42 105.00
194.46 106.00
194.49 107.00
194.52 108.00
194.55 109.00
194.58 110.00
194.61 111.00
194.63 112.00
194.66 113.00
194.69 114.00
194.71 115.00
194.74 116.00
194.77 117.00
194.79 118.00
194.82 119.00
194.84 120.00
194.87 121.00
194.89 122.00
194.92 123.00
194.94 124.00
194.96 125.00
194.99 126.00
195.01 127.00
195.04 128.00
195.06 129.00
195.08 130.00
195.11 131.00
195.13 132.00
195.15 133.00
195.18 134.00
195.20 135.00
195.22 136.00
195.25 137.00
195.27 138.00
195.30 139.00
195.32 140.00
195.35 141.00
195.37 142.00
195.40 143.00
195.43 144.00
195.45 145.00
195.48 146.00
195.51 147.00
195.54 148.00
195.57 149.00
195.60 150.00
195.63 151.00
195.66 152.00
195.69 153.00
195.72 154.00
195.75 155.00
195.78 156.00
195.82 157.00
195.85 158.00
195.89 159.00
195.93 160.00
195.96 161.00
196.00 162.00
196.04 163.00
196.08 164.00
196.12 165.00
196.16 166.00
196.21 167.00
196.25 168.00
196.30 169.00
196.34 170.00
196.39 171.00
196.44 172.00
196.49 173.00
196.54 174.00
196.60 175.00
196.65 176.00
196.71 177.00
196.76 178.00
196.82 179.00
196.88 180.00
196.94 181.00
197.00 182.00
197.07 183.00
197.13 184.00
197.20 185.00
197.27 186.00
197.34 187.00
197.41 188.00
197.49 189.00
197.56 190.00
197.64 191.00
197.72 192.00
197.80 193.00
197.88 194.00
197.96 195.00
198.05 196.00
198.14 197.00
198.23 198.00
198.32 199.00
198.42 200.00
198.51 201.00
198.61 202.00
198.71 203.00
198.81 204.00
198.91 205.00
199.01 206.00
199.12 207.00
199.23 208.00
199.34 209.00
199.45 210.00
199.56 211.00
199.67 212.00
199.78 213.00
199.90 214.00
200.02 215.00
200.14 216.00
200.25 217.00
200.38 218.00
200.50 219.00
200.62 220.00
200.74 221.00
200.87 222.00
200.99 223.00
201.12 224.00
201.25 225.00
201.38 226.00
201.51 227.00
201.64 228.00
201.77 229.00
201.90 230.00
202.03 231.00
202.17 232.00
202.30 233.00
202.44 234.00
202.57 235.00
202.71 236.00
202.84 237.00
202.98 238.00
203.12 239.00
203.25 240.00
203.39 241.00
203.53 242.00
203.67 243.00
203.81 244.00
203.95 245.00
204.09 246.00
204.23 247.00
204.36 248.00
204.50 249.00
204.64 250.00
204.78 251.00
204.92 252.00
205.06 253.00
205.20 254.00
205.34 255.00
205.48 256.00
205.62 257.00
205.76 258.00
205.89 259.00
206.03 260.00
206.17 261.00
206.31 262.00
206.44 263.00
206.58 264.00
206.72 265.00
206.85 266.00
206.99 267.00
207.12 268.00
207.25 269.00
207.39 270.00
207.52 271.00
207.65 272.00
207.78 273.00
207.91 274.00
208.04 275.00
208.17 276.00
208.29 277.00
208.42 278.00
208.54 279.00
208.67 280.00
208.79 281.00
208.91 282.00
209.03 283.00
209.15 284.00
209.27 285.00
209.39 286.00
209.50 287.00
209.62 288.00
209.73 289.00
209.84 290.00
209.95 291.00
210.06 292.00
210.17 293.00
210.27 294.00
210.38 295.00
210.48 296.00
210.58 297.00
210.68 298.00
210.78 299.00
210.88 300.00
210.97 301.00
211.06 302.00
211.16 303.00
211.25 304.00
211.33 305.00
211.42 306.00
211.51 307.00
211.59 308.00
211.68 309.00
211.76 310.00
211.84 311.00
211.92 312.00
211.99 313.00
212.07 314.00
212.15 315.00
212.22 316.00
212.29 317.00
212.36 318.00
212.43 319.00
212.50 320.00
212.57 321.00
212.64 322.00
212.70 323.00
212.77 324.00
212.83 325.00
212.89 326.00
212.95 327.00
213.01 328.00
213.07 329.00
213.13 330.00
213.18 331.00
213.24 332.00
213.29 333.00
213.35 334.00
213.40 335.00
213.45 336.00
213.50 337.00
213.55 338.00
213.60 339.00
213.65 340.00
213.70 341.00
213.74 342.00
213.79 343.00
213.83 344.00
213.88 345.00
213.92 346.00
213.96 347.00
214.00 348.00
214.04 349.00
214.08 350.00
214.12 351.00
214.16 352.00
214.20 353.00
214.24 354.00
214.27 355.00
214.31 356.00
214.35 357.00
214.38 358.00
214.41 359.00
214.45 360.00
214.48 361.00
214.51 362.00
214.55 363.00
214.58 364.00
214.61 365.00
214.64 366.00
214.67 367.00
214.70 368.00
214.73 369.00
214.76 370.00
214.79 371.00
214.82 372.00
214.84 373.00
214.87 374.00
214.90 375.00
214.93 376.00
214.95 377.00
214.98 378.00
215.01 379.00
215.03 380.00
215.06 381.00
215.08 382.00
215.11 383.00
215.14 384.00
215.16 385.00
215.19 386.00
215.21 387.00
215.24 388.00
215.26 389.00
215.29 390.00
215.31 391.00
215.33 392.00
215.36 393.00
215.38 394.00
215.41 395.00
215.43 396.00
215.46 397.00
215.48 398.00
215.51 399.00
215.53 400.00
215.56 401.00
215.58 402.00
215.61 403.00
215.64 404.00
215.66 405.00
215.69 406.00
215.71 407.00
215.74 408.00
215.77 409.00
215.79 410.00
215.82 411.00
215.84 412.00
215.87 413.00
215.90 414.00
215.92 415.00
215.95 416.00
215.97 417.00
216.00 418.00
216.02 419.00
216.05 420.00
216.07 421.00
216.10 422.00
216.12 423.00
216.15 424.00
216.17 425.00
216.19 426.00
216.22 427.00
216.24 428.00
216.26 429.00
216.28 430.00
216.30 431.00
216.32 432.00
216.34 433.00
216.36 434.00
216.38 435.00
216.39 436.00
216.41 437.00
216.43 438.00
216.44 439.00
216.46 440.00
216.47 441.00
216.48 442.00
216.49 443.00
216.50 444.00
216.51 445.00
216.52 446.00
216.53 447.00
216.54 448.00
216.54 449.00
216.55 450.00
216.55 451.00
216.56 452.00
216.56 453.00
216.56 454.00
216.56 455.00
216.55 456.00
216.55 457.00
216.55 458.00
216.54 459.00
216.53 460.00
216.53 461.00
216.52 462.00
216.50 463.00
216.49 464.00
216.48 465.00
216.46 466.00
216.44 467.00
216.43 468.00
216.40 469.00
216.38 470.00
216.36 471.00
216.33 472.00
216.31 473.00
216.28 474.00
216.25 475.00
216.22 476.00
216.18 477.00
216.15 478.00
216.11 479.00
216.07 480.00
216.03 481.00
215.98 482.00
215.94 483.00
215.89 484.00
215.84 485.00
215.79 486.00
215.74 487.00
215.68 488.00
215.62 489.00
215.56 490.00
215.50 491.00
215.44 492.00
215.37 493.00
215.30 494.00
215.23 495.00
215.16 496.00
215.09 497.00
215.01 498.00
214.93 499.00
214.85 500.00
214.77 501.00
214.69 502.00
214.60 503.00
214.51 504.00
214.42 505.00
214.33 506.00
214.24 507.00
214.14 508.00
214.05 509.00
213.95 510.00
213.85 511.00
213.75 512.00
213.64 513.00
213.54 514.00
213.43 515.00
213.32 516.00
213.21 517.00
213.10 518.00
212.99 519.00
212.87 520.00
212.76 521.00
212.64 522.00
212.52 523.00
212.40 524.00
212.28 525.00
212.16 526.00
212.03 527.00
211.91 528.00
211.78 529.00
211.65 530.00
211.52 531.00
211.39 532.00
211.26 533.00
211.12 534.00
210.99 535.00
210.85 536.00
210.72 537.00
210.58 538.00
210.44 539.00
210.30 540.00
210.16 541.00
210.01 542.00
209.87 543.00
209.73 544.00
209.58 545.00
209.44 546.00
209.29 547.00
209.14 548.00
208.99 549.00
208.84 550.00
208.69 551.00
208.54 552.00
208.39 553.00
208.23 554.00
208.08 555.00
207.92 556.00
207.77 557.00
207.61 558.00
207.45 559.00
207.30 560.00
207.14 561.00
206.98 562.00
206.82 563.00
206.66 564.00
206.50 565.00
206.34 566.00
206.18 567.00
206.02 568.00
205.85 569.00
205.69 570.00
205.53 571.00
205.37 572.00
205.21 573.00
205.05 574.00
204.89 575.00
204.73 576.00
204.57 577.00
204.41 578.00
204.25 579.00
204.09 580.00
203.94 581.00
203.78 582.00
203.63 583.00
203.48 584.00
203.33 585.00
203.18 586.00
203.03 587.00
202.88 588.00
202.74 589.00
202.59 590.00
202.45 591.00
202.31 592.00
202.18 593.00
202.04 594.00
201.91 595.00
201.78 596.00
201.65 597.00
201.53 598.00
201.40 599.00
201.29 600.00
201.17 601.00
201.05 602.00
200.94 603.00
200.84 604.00
200.73 605.00
200.63 606.00
200.53 607.00
200.44 608.00
200.35 609.00
200.26 610.00
200.18 611.00
200.10 612.00
200.03 613.00
199.95 614.00
199.89 615.00
199.83 616.00
199.77 617.00
199.71 618.00
199.66 619.00
199.62 620.00
199.58 621.00
199.54 622.00
199.51 623.00
199.49 624.00
199.47 625.00
199.45 626.00
199.45 627.00
199.44 628.00
199.44 629.00
199.45 630.00
199.46 631.00
199.47 632.00
199.49 633.00
199.52 634.00
199.55 635.00
199.58 636.00
199.62 637.00
199.66 638.00
199.70 639.00
199.76 640.00
199.81 641.00
199.87 642.00
199.93 643.00
200.00 644.00
200.07 645.00
200.14 646.00
200.21 647.00
200.30 648.00
200.38 649.00
200.47 650.00
200.55 651.00
200.65 652.00
200.74 653.00
200.84 654.00
200.94 655.00
201.05 656.00
201.16 657.00
201.27 658.00
201.38 659.00
201.49 660.00
201.61 661.00
201.73 662.00
201.85 663.00
201.97 664.00
202.10 665.00
202.23 666.00
202.35 667.00
202.49 668.00
202.62 669.00
202.75 670.00
202.89 671.00
203.02 672.00
203.16 673.00
203.30 674.00
203.44 675.00
203.58 676.00
203.73 677.00
203.87 678.00
204.01 679.00
204.16 680.00
204.31 681.00
204.45 682.00
204.60 683.00
204.75 684.00
204.89 685.00
205.04 686.00
205.19 687.00
205.34 688.00
205.48 689.00
205.63 690.00
205.78 691.00
205.93 692.00
206.07 693.00
206.22 694.00
206.36 695.00
206.51 696.00
206.65 697.00
206.80 698.00
206.94 699.00
207.08 700.00
207.22 701.00
207.36 702.00
207.50 703.00
207.64 704.00
207.77 705.00
207.91 706.00
208.04 707.00
208.17 708.00
208.30 709.00
208.43 710.00
208.55 711.00
208.68 712.00
208.80 713.00
208.92 714.00
209.04 715.00
209.15 716.00
209.26 717.00
209.37 718.00
209.48 719.00
209.58 720.00
209.69 721.00
209.79 722.00
209.88 723.00
209.98 724.00
210.07 725.00
210.15 726.00
210.24 727.00
210.32 728.00
210.40 729.00
210.48 730.00
210.56 731.00
210.63 732.00
210.70 733.00
210.76 734.00
210.83 735.00
210.89 736.00
210.95 737.00
211.00 738.00
211.06 739.00
211.11 740.00
211.16 741.00
211.20 742.00
211.25 743.00
211.29 744.00
211.33 745.00
211.36 746.00
211.39 747.00
211.42 748.00
211.45 749.00
211.48 750.00
211.50 751.00
211.52 752.00
211.54 753.00
211.56 754.00
211.57 755.00
211.58 756.00
211.59 757.00
211.60 758.00
211.60 759.00
211.60 760.00
211.60 761.00
211.60 762.00
211.59 763.00
211.58 764.00
211.57 765.00
211.56 766.00
211.54 767.00
211.53 768.00
211.51 769.00
211.48 770.00
211.46 771.00
211.43 772.00
211.40 773.00
211.37 774.00
211.34 775.00
211.30 776.00
211.27 777.00
211.23 778.00
211.18 779.00
211.14 780.00
211.09 781.00
211.04 782.00
210.99 783.00
210.94 784.00
210.88 785.00
210.83 786.00
210.77 787.00
210.70 788.00
210.64 789.00
210.57 790.00
210.51 791.00
210.44 792.00
210.36 793.00
210.29 794.00
210.21 795.00
210.13 796.00
210.05 797.00
209.97 798.00
209.89 799.00
209.80 800.00
209.71 801.00
209.62 802.00
209.53 803.00
209.43 804.00
209.34 805.00
209.24 806.00
209.14 807.00
209.04 808.00
208.94 809.00
208.83 810.00
208.72 811.00
208.62 812.00
208.51 813.00
208.40 814.00
208.29 815.00
208.17 816.00
208.06 817.00
207.94 818.00
207.83 819.00
207.71 820.00
207.59 821.00
207.47 822.00
207.35 823.00
207.23 824.00
207.11 825.00
206.98 826.00
206.86 827.00
206.74 828.00
206.61 829.00
206.49 830.00
206.36 831.00
206.24 832.00
206.11 833.00
205.99 834.00
205.86 835.00
205.73 836.00
205.61 837.00
205.48 838.00
205.35 839.00
205.23 840.00
205.10 841.00
204.97 842.00
204.85 843.00
204.72 844.00
204.59 845.00
204.47 846.00
204.34 847.00
204.22 848.00
204.10 849.00
203.97 850.00
203.85 851.00
203.73 852.00
203.61 853.00
203.49 854.00
203.37 855.00
203.25 856.00
203.13 857.00
203.02 858.00
202.90 859.00
202.79 860.00
202.68 861.00
202.57 862.00
202.46 863.00
202.35 864.00
202.24 865.00
202.14 866.00
202.03 867.00
201.93 868.00
201.83 869.00
201.73 870.00
201.63 871.00
201.54 872.00
201.44 873.00
201.35 874.00
201.26 875.00
201.17 876.00
201.09 877.00
201.00 878.00
200.92 879.00
200.84 880.00
200.76 881.00
200.69 882.00
200.61 883.00
200.54 884.00
200.47 885.00
200.40 886.00
200.33 887.00
200.27 888.00
200.21 889.00
200.14 890.00
200.08 891.00
200.03 892.00
199.97 893.00
199.91 894.00
199.86 895.00
199.81 896.00
199.76 897.00
199.71 898.00
199.66 899.00
199.62 900.00
199.58 901.00
199.53 902.00
199.49 903.00
199.45 904.00
199.42 905.00
199.38 906.00
199.35 907.00
199.31 908.00
199.28 909.00
199.25 910.00
199.22 911.00
199.20 912.00
199.17 913.00
199.15 914.00
199.13 915.00
199.10 916.00
199.08 917.00
199.07 918.00
199.05 919.00
199.03 920.00
199.02 921.00
199.00 922.00
198.99 923.00
198.98 924.00
198.97 925.00
198.96 926.00
198.96 927.00
198.95 928.00
198.94 929.00
198.94 930.00
198.94 931.00
198.94 932.00
198.94 933.00
198.94 934.00
198.94 935.00
198.94 936.00
198.95 937.00
198.95 938.00
198.96 939.00
198.97 940.00
198.97 941.00
198.98 942.00
198.99 943.00
199.00 944.00
199.02 945.00
199.03 946.00
199.04 947.00
199.06 948.00
199.07 949.00
199.09 950.00
199.11 951.00
199.13 952.00
199.15 953.00
199.17 954.00
199.19 955.00
199.21 956.00
199.23 957.00
199.25 958.00
199.28 959.00
199.30 960.00
199.33 961.00
199.35 962.00
199.38 963.00
199.41 964.00
199.44 965.00
199.46 966.00
199.49 967.00
199.52 968.00
199.55 969.00
199.58 970.00
199.61 971.00
199.64 972.00
199.67 973.00
199.71 974.00
199.74 975.00
199.77 976.00
199.80 977.00
199.84 978.00
199.87 979.00
199.90 980.00
199.93 981.00
199.97 982.00
200.00 983.00
200.04 984.00
200.07 985.00
200.10 986.00
200.14 987.00
200.17 988.00
200.20 989.00
200.24 990.00
200.27 991.00
200.30 992.00
200.34 993.00
200.37 994.00
200.40 995.00
200.43 996.00
200.47 997.00
200.50 998.00
200.53 999.00
200.56 1000.00
200.59 1001.00
200.62 1002.00
200.65 1003.00
200.68 1004.00
200.71 1005.00
200.74 1006.00
200.77 1007.00
200.80 1008.00
200.82 1009.00
200.85 1010.00
200.88 1011.00
200.90 1012.00
200.93 1013.00
200.95 1014.00
200.97 1015.00
200.99 1016.00
201.02 1017.00
201.04 1018.00
201.06 1019.00
201.07 1020.00
201.09 1021.00
201.11 1022.00
201.13 1023.00
201.14 1024.00
201.16 1025.00
201.17 1026.00
201.18 1027.00
201.19 1028.00
201.20 1029.00
201.21 1030.00
201.22 1031.00
201.23 1032.00
201.23 1033.00
201.24 1034.00
201.24 1035.00
201.24 1036.00
201.25 1037.00
201.25 1038.00
201.25 1039.00
201.25 1040.00
201.24 1041.00
201.24 1042.00
201.23 1043.00
201.23 1044.00
201.22 1045.00
201.21 1046.00
201.20 1047.00
201.19 1048.00
201.18 1049.00
201.16 1050.00
201.15 1051.00
201.13 1052.00
201.12 1053.00
201.10 1054.00
201.08 1055.00
201.06 1056.00
201.03 1057.00
201.01 1058.00
200.99 1059.00
200.96 1060.00
200.93 1061.00
200.90 1062.00
200.87 1063.00
200.84 1064.00
200.81 1065.00
200.77 1066.00
200.74 1067.00
200.70 1068.00
200.66 1069.00
200.62 1070.00
200.58 1071.00
200.53 1072.00
200.49 1073.00
200.44 1074.00
200.39 1075.00
200.35 1076.00
200.29 1077.00
200.24 1078.00
200.19 1079.00
200.13 1080.00
200.08 1081.00
200.02 1082.00
199.96 1083.00
199.90 1084.00
199.83 1085.00
199.77 1086.00
199.70 1087.00
199.63 1088.00
199.56 1089.00
199.49 1090.00
199.42 1091.00
199.34 1092.00
199.27 1093.00
199.19 1094.00
199.11 1095.00
199.03 1096.00
198.94 1097.00
198.86 1098.00
198.77 1099.00
198.68 1100.00
198.59 1101.00
198.50 1102.00
198.41 1103.00
198.31 1104.00
198.21 1105.00
198.11 1106.00
198.01 1107.00
197.91 1108.00
197.80 1109.00
197.70 1110.00
197.59 1111.00
197.48 1112.00
197.37 1113.00
197.25 1114.00
197.14 1115.00
197.02 1116.00
196.90 1117.00
196.78 1118.00
196.66 1119.00
196.54 1120.00
196.42 1121.00
196.30 1122.00
196.17 1123.00
196.05 1124.00
195.92 1125.00
195.79 1126.00
195.66 1127.00
195.53 1128.00
195.41 1129.00
195.28 1130.00
195.15 1131.00
195.01 1132.00
194.88 1133.00
194.75 1134.00
194.62 1135.00
194.49 1136.00
194.36 1137.00
194.23 1138.00
194.09 1139.00
193.96 1140.00
193.83 1141.00
193.70 1142.00
193.57 1143.00
193.44 1144.00
193.31 1145.00
193.18 1146.00
193.05 1147.00
192.92 1148.00
192.79 1149.00
192.67 1150.00
192.54 1151.00
192.42 1152.00
192.29 1153.00
192.17 1154.00
192.05 1155.00
191.92 1156.00
191.80 1157.00
191.69 1158.00
191.57 1159.00
191.45 1160.00
191.34 1161.00
191.23 1162.00
191.11 1163.00
191.01 1164.00
190.90 1165.00
190.79 1166.00
190.69 1167.00
190.58 1168.00
190.48 1169.00
190.39 1170.00
190.29 1171.00
190.20 1172.00
190.10 1173.00
190.02 1174.00
189.93 1175.00
189.84 1176.00
189.76 1177.00
189.68 1178.00
189.61 1179.00
189.53 1180.00
189.46 1181.00
189.39 1182.00
189.32 1183.00
189.26 1184.00
189.20 1185.00
189.14 1186.00
189.09 1187.00
189.04 1188.00
188.99 1189.00
188.94 1190.00
188.89 1191.00
188.85 1192.00
188.81 1193.00
188.77 1194.00
188.73 1195.00
188.70 1196.00
188.67 1197.00
188.64 1198.00
188.61 1199.00
188.58 1200.00
188.56 1201.00
188.54 1202.00
188.52 1203.00
188.50 1204.00
188.48 1205.00
188.47 1206.00
188.45 1207.00
188.44 1208.00
188.43 1209.00
188.42 1210.00
188.41 1211.00
188.41 1212.00
188.40 1213.00
188.40 1214.00
188.40 1215.00
188.39 1216.00
188.39 1217.00
188.40 1218.00
188.40 1219.00
188.40 1220.00
188.40 1221.00
188.41 1222.00
188.42 1223.00
188.42 1224.00
188.43 1225.00
188.44 1226.00
188.45 1227.00
188.46 1228.00
188.47 1229.00
188.48 1230.00
188.49 1231.00
188.50 1232.00
188.51 1233.00
188.52 1234.00
188.54 1235.00
188.55 1236.00
188.56 1237.00
188.57 1238.00
188.59 1239.00
188.60 1240.00
188.61 1241.00
188.63 1242.00
188.64 1243.00
188.65 1244.00
188.67 1245.00
188.68 1246.00
188.69 1247.00
188.71 1248.00
188.72 1249.00
188.74 1250.00
188.75 1251.00
188.76 1252.00
188.78 1253.00
188.79 1254.00
188.80 1255.00
188.82 1256.00
188.83 1257.00
188.84 1258.00
188.85 1259.00
188.87 1260.00
188.88 1261.00
188.89 1262.00
188.90 1263.00
188.91 1264.00
188.93 1265.00
188.94 1266.00
188.95 1267.00
188.96 1268.00
188.97 1269.00
188.98 1270.00
188.99 1271.00
189.00 1272.00
189.01 1273.00
189.02 1274.00
189.03 1275.00
189.03 1276.00
189.04 1277.00
189.05 1278.00
189.06 1279.00
189.06 1280.00
189.07 1281.00
189.07 1282.00
189.08 1283.00
189.08 1284.00
189.09 1285.00
189.09 1286.00
189.10 1287.00
189.10 1288.00
189.10 1289.00
189.10 1290.00
189.10 1291.00
189.10 1292.00
189.10 1293.00
189.10 1294.00
189.10 1295.00
189.10 1296.00
189.10 1297.00
189.09 1298.00
189.09 1299.00
189.08 1300.00
189.08 1301.00
189.07 1302.00
189.06 1303.00
189.06 1304.00
189.05 1305.00
189.04 1306.00
189.03 1307.00
189.02 1308.00
189.01 1309.00
188.99 1310.00
188.98 1311.00
188.97 1312.00
188.96 1313.00
188.94 1314.00
188.93 1315.00
188.91 1316.00
188.89 1317.00
188.88 1318.00
188.86 1319.00
188.84 1320.00
188.83 1321.00
188.81 1322.00
188.79 1323.00
188.77 1324.00
188.75 1325.00
188.73 1326.00
188.71 1327.00
188.69 1328.00
188.67 1329.00
188.65 1330.00
188.63 1331.00
188.61 1332.00
188.58 1333.00
188.56 1334.00
188.54 1335.00
188.52 1336.00
188.49 1337.00
188.47 1338.00
188.45 1339.00
188.42 1340.00
188.40 1341.00
188.38 1342.00
188.35 1343.00
188.33 1344.00
188.31 1345.00
188.28 1346.00
188.26 1347.00
188.24 1348.00
188.21 1349.00
188.19 1350.00
188.16 1351.00
188.14 1352.00
188.12 1353.00
188.09 1354.00
188.07 1355.00
188.05 1356.00
188.02 1357.00
188.00 1358.00
187.98 1359.00
187.96 1360.00
187.93 1361.00
187.91 1362.00
187.89 1363.00
187.87 1364.00
187.85 1365.00
187.83 1366.00
187.81 1367.00
187.79 1368.00
187.77 1369.00
187.75 1370.00
187.73 1371.00
187.71 1372.00
187.69 1373.00
187.67 1374.00
187.66 1375.00
187.64 1376.00
187.62 1377.00
187.61 1378.00
187.59 1379.00
187.58 1380.00
187.56 1381.00
187.55 1382.00
187.54 1383.00
187.52 1384.00
187.51 1385.00
187.50 1386.00
187.49 1387.00
187.48 1388.00
187.47 1389.00
187.46 1390.00
187.46 1391.00
187.45 1392.00
187.44 1393.00
187.44 1394.00
187.43 1395.00
187.43 1396.00
187.43 1397.00
187.42 1398.00
187.42 1399.00
187.42 1400.00
187.42 1401.00
187.42 1402.00
187.43 1403.00
187.43 1404.00
187.43 1405.00
187.44 1406.00
187.45 1407.00
187.45 1408.00
187.46 1409.00
187.47 1410.00
187.48 1411.00
187.49 1412.00
187.50 1413.00
187.52 1414.00
187.53 1415.00
187.55 1416.00
187.57 1417.00
187.58 1418.00
187.60 1419.00
187.62 1420.00
187.65 1421.00
187.67 1422.00
187.69 1423.00
187.72 1424.00
187.75 1425.00
187.78 1426.00
187.80 1427.00
187.84 1428.00
187.87 1429.00
187.90 1430.00
187.94 1431.00
187.97 1432.00
188.01 1433.00
188.05 1434.00
188.09 1435.00
188.13 1436.00
188.18 1437.00
188.22 1438.00
188.27 1439.00
188.32 1440.00
188.37 1441.00
188.42 1442.00
188.48 1443.00
188.53 1444.00
188.59 1445.00
188.65 1446.00
188.71 1447.00
188.77 1448.00
188.83 1449.00
188.90 1450.00
188.96 1451.00
189.03 1452.00
189.10 1453.00
189.17 1454.00
189.25 1455.00
189.32 1456.00
189.40 1457.00
189.48 1458.00
189.56 1459.00
189.64 1460.00
189.73 1461.00
189.82 1462.00
189.91 1463.00
190.00 1464.00
190.09 1465.00
190.18 1466.00
190.28 1467.00
190.38 1468.00
190.48 1469.00
190.58 1470.00
190.69 1471.00
190.80 1472.00
190.91 1473.00
191.02 1474.00
191.13 1475.00
191.25 1476.00
191.36 1477.00
191.48 1478.00
191.61 1479.00
191.73 1480.00
191.86 1481.00
191.99 1482.00
192.12 1483.00
192.25 1484.00
192.39 1485.00
192.53 1486.00
192.67 1487.00
192.81 1488.00
192.96 1489.00
193.10 1490.00
193.25 1491.00
193.41 1492.00
193.56 1493.00
193.72 1494.00
193.88 1495.00
194.04 1496.00
194.21 1497.00
194.38 1498.00
194.55 1499.00
194.72 1500.00
