90.32 -500.00
90.62 -499.00
90.90 -498.00
91.18 -497.00
91.46 -496.00
91.74 -495.00
92.00 -494.00
92.27 -493.00
92.53 -492.00
92.78 -491.00
93.03 -490.00
93.28 -489.00
93.52 -488.00
93.76 -487.00
94.00 -486.00
94.23 -485.00
94.45 -484.00
94.67 -483.00
94.89 -482.00
95.11 -481.00
95.32 -480.00
95.52 -479.00
95.72 -478.00
95.92 -477.00
96.12 -476.00
96.31 -475.00
96.49 -474.00
96.68 -473.00
96.86 -472.00
97.03 -471.00
97.20 -470.00
97.37 -469.00
97.54 -468.00
97.70 -467.00
97.86 -466.00
98.01 -465.00
98.16 -464.00
98.31 -463.00
98.46 -462.00
98.60 -461.00
98.74 -460.00
98.87 -459.00
99.00 -458.00
99.13 -457.00
99.26 -456.00
99.38 -455.00
99.50 -454.00
99.62 -453.00
99.73 -452.00
99.84 -451.00
99.95 -450.00
100.05 -449.00
100.15 -448.00
100.25 -447.00
100.35 -446.00
100.44 -445.00
100.54 -444.00
100.62 -443.00
100.71 -442.00
100.79 -441.00
100.87 -440.00
100.95 -439.00
101.03 -438.00
101.10 -437.00
101.17 -436.00
101.24 -435.00
101.31 -434.00
101.37 -433.00
101.43 -432.00
101.49 -431.00
101.55 -430.00
101.61 -429.00
101.66 -428.00
101.71 -427.00
101.76 -426.00
101.81 -425.00
101.85 -424.00
101.89 -423.00
101.94 -422.00
101.97 -421.00
102.01 -420.00
102.05 -419.00
102.08 -418.00
102.11 -417.00
102.15 -416.00
102.17 -415.00
102.20 -414.00
102.23 -413.00
102.25 -412.00
102.28 -411.00
102.30 -410.00
102.32 -409.00
102.34 -408.00
102.35 -407.00
102.37 -406.00
102.38 -405.00
102.40 -404.00
102.41 -403.00
102.42 -402.00
102.43 -401.00
102.44 -400.00
102.45 -399.00
102.45 -398.00
102.46 -397.00
102.46 -396.00
102.47 -395.00
102.47 -394.00
102.47 -393.00
102.47 -392.00
102.47 -391.00
102.47 -390.00
102.47 -389.00
102.47 -388.00
102.47 -387.00
102.46 -386.00
102.46 -385.00
102.46 -384.00
102.45 -383.00
102.45 -382.00
102.44 -381.00
102.44 -380.00
102.43 -379.00
102.42 -378.00
102.42 -377.00
102.41 -376.00
102.40 -375.00
102.40 -374.00
102.39 -373.00
102.38 -372.00
102.37 -371.00
102.36 -370.00
102.36 -369.00
102.35 -368.00
102.34 -367.00
102.33 -366.00
102.33 -365.00
102.32 -364.00
102.31 -363.00
102.31 -362.00
102.30 -361.00
102.29 -360.00
102.29 -359.00
102.28 -358.00
102.28 -357.00
102.27 -356.00
102.27 -355.00
102.26 -354.00
102.26 -353.00
102.26 -352.00
102.26 -351.00
102.26 -350.00
102.26 -349.00
102.26 -348.00
102.26 -347.00
102.26 -346.00
102.26 -345.00
102.26 -344.00
102.27 -343.00
102.27 -342.00
102.27 -341.00
102.28 -340.00
102.29 -339.00
102.29 -338.00
102.30 -337.00
102.31 -336.00
102.31 -335.00
102.32 -334.00
102.33 -333.00
102.34 -332.00
102.35 -331.00
102.36 -330.00
102.37 -329.00
102.39 -328.00
102.40 -327.00
102.41 -326.00
102.43 -325.00
102.44 -324.00
102.46 -323.00
102.47 -322.00
102.49 -321.00
102.51 -320.00
102.52 -319.00
102.54 -318.00
102.56 -317.00
102.58 -316.00
102.60 -315.00
102.62 -314.00
102.64 -313.00
102.66 -312.00
102.69 -311.00
102.71 -310.00
102.73 -309.00
102.76 -308.00
102.78 -307.00
102.81 -306.00
102.83 -305.00
102.86 -304.00
102.89 -303.00
102.92 -302.00
102.94 -301.00
102.97 -300.00
103.00 -299.00
103.03 -298.00
103.06 -297.00
103.09 -296.00
103.13 -295.00
103.16 -294.00
103.19 -293.00
103.23 -292.00
103.26 -291.00
103.29 -290.00
103.33 -289.00
103.37 -288.00
103.40 -287.00
103.44 -286.00
103.48 -285.00
103.52 -284.00
103.55 -283.00
103.59 -282.00
103.63 -281.00
103.67 -280.00
103.72 -279.00
103.76 -278.00
103.80 -277.00
103.84 -276.00
103.89 -275.00
103.93 -274.00
103.97 -273.00
104.02 -272.00
104.07 -271.00
104.11 -270.00
104.16 -269.00
104.21 -268.00
104.25 -267.00
104.30 -266.00
104.35 -265.00
104.40 -264.00
104.45 -263.00
104.50 -262.00
104.55 -261.00
104.61 -260.00
104.66 -259.00
104.71 -258.00
104.77 -257.00
104.82 -256.00
104.88 -255.00
104.93 -254.00
104.99 -253.00
105.04 -252.00
105.10 -251.00
105.16 -250.00
105.22 -249.00
105.27 -248.00
105.33 -247.00
105.39 -246.00
105.45 -245.00
105.51 -244.00
105.57 -243.00
105.63 -242.00
105.69 -241.00
105.75 -240.00
105.81 -239.00
105.87 -238.00
105.93 -237.00
106.00 -236.00
106.06 -235.00
106.12 -234.00
106.18 -233.00
106.24 -232.00
106.30 -231.00
106.37 -230.00
106.43 -229.00
106.49 -228.00
106.55 -227.00
106.61 -226.00
106.68 -225.00
106.74 -224.00
106.80 -223.00
106.86 -222.00
106.92 -221.00
106.98 -220.00
107.04 -219.00
107.10 -218.00
107.16 -217.00
107.22 -216.00
107.28 -215.00
107.34 -214.00
107.40 -213.00
107.46 -212.00
107.52 -211.00
107.58 -210.00
107.64 -209.00
107.69 -208.00
107.75 -207.00
107.81 -206.00
107.86 -205.00
107.92 -204.00
107.97 -203.00
108.03 -202.00
108.08 -201.00
108.13 -200.00
108.19 -199.00
108.24 -198.00
108.29 -197.00
108.34 -196.00
108.39 -195.00
108.44 -194.00
108.49 -193.00
108.53 -192.00
108.58 -191.00
108.63 -190.00
108.67 -189.00
108.72 -188.00
108.76 -187.00
108.80 -186.00
108.85 -185.00
108.89 -184.00
108.93 -183.00
108.97 -182.00
109.00 -181.00
109.04 -180.00
109.08 -179.00
109.11 -178.00
109.14 -177.00
109.18 -176.00
109.21 -175.00
109.24 -174.00
109.27 -173.00
109.30 -172.00
109.32 -171.00
109.35 -170.00
109.37 -169.00
109.40 -168.00
109.42 -167.00
109.44 -166.00
109.46 -165.00
109.49 -164.00
109.50 -163.00
109.52 -162.00
109.54 -161.00
109.56 -160.00
109.58 -159.00
109.59 -158.00
109.61 -157.00
109.62 -156.00
109.64 -155.00
109.65 -154.00
109.66 -153.00
109.68 -152.00
109.69 -151.00
109.70 -150.00
109.71 -149.00
109.72 -148.00
109.73 -147.00
109.75 -146.00
109.76 -145.00
109.77 -144.00
109.78 -143.00
109.79 -142.00
109.80 -141.00
109.81 -140.00
109.82 -139.00
109.83 -138.00
109.84 -137.00
109.85 -136.00
109.86 -135.00
109.87 -134.00
109.88 -133.00
109.89 -132.00
109.91 -131.00
109.92 -130.00
109.93 -129.00
109.94 -128.00
109.96 -127.00
109.97 -126.00
109.98 -125.00
110.00 -124.00
110.01 -123.00
110.03 -122.00
110.05 -121.00
110.06 -120.00
110.08 -119.00
110.10 -118.00
110.12 -117.00
110.14 -116.00
110.16 -115.00
110.18 -114.00
110.21 -113.00
110.23 -112.00
110.25 -111.00
110.28 -110.00
110.31 -109.00
110.33 -108.00
110.36 -107.00
110.39 -106.00
110.43 -105.00
110.46 -104.00
110.49 -103.00
110.53 -102.00
110.56 -101.00
110.60 -100.00
110.64 -99.00
110.68 -98.00
110.72 -97.00
110.77 -96.00
110.81 -95.00
110.86 -94.00
110.91 -93.00
110.96 -92.00
111.01 -91.00
111.06 -90.00
111.12 -89.00
111.18 -88.00
111.23 -87.00
111.29 -86.00
111.36 -85.00
111.42 -84.00
111.49 -83.00
111.56 -82.00
111.63 -81.00
111.70 -80.00
111.77 -79.00
111.85 -78.00
111.93 -77.00
112.01 -76.00
112.09 -75.00
112.18 -74.00
112.26 -73.00
112.35 -72.00
112.44 -71.00
112.53 -70.00
112.62 -69.00
112.72 -68.00
112.81 -67.00
112.91 -66.00
113.01 -65.00
113.11 -64.00
113.21 -63.00
113.31 -62.00
113.41 -61.00
113.51 -60.00
113.61 -59.00
113.71 -58.00
113.82 -57.00
113.92 -56.00
114.03 -55.00
114.13 -54.00
114.23 -53.00
114.34 -52.00
114.44 -51.00
114.55 -50.00
114.65 -49.00
114.75 -48.00
114.86 -47.00
114.96 -46.00
115.06 -45.00
115.16 -44.00
115.27 -43.00
115.37 -42.00
115.47 -41.00
115.56 -40.00
115.66 -39.00
115.76 -38.00
115.85 -37.00
115.95 -36.00
116.04 -35.00
116.13 -34.00
116.22 -33.00
116.31 -32.00
116.40 -31.00
116.48 -30.00
116.56 -29.00
116.64 -28.00
116.72 -27.00
116.80 -26.00
116.87 -25.00
116.95 -24.00
117.02 -23.00
117.08 -22.00
117.15 -21.00
117.21 -20.00
117.27 -19.00
117.33 -18.00
117.38 -17.00
117.44 -16.00
117.48 -15.00
117.53 -14.00
117.57 -13.00
117.61 -12.00
117.65 -11.00
117.68 -10.00
117.71 -9.00
117.73 -8.00
117.76 -7.00
117.77 -6.00
117.79 -5.00
117.80 -4.00
117.81 -3.00
117.81 -2.00
117.81 -1.00
117.80  0.00
117.79  1.00
117.78  2.00
117.76  3.00
117.73  4.00
117.71  5.00
117.67  6.00
117.64  7.00
117.60  8.00
117.56  9.00
117.51 10.00
117.46 11.00
117.41 12.00
117.35 13.00
117.29 14.00
117.23 15.00
117.16 16.00
117.09 17.00
117.02 18.00
116.95 19.00
116.87 20.00
116.79 21.00
116.71 22.00
116.62 23.00
116.54 24.00
116.45 25.00
116.36 26.00
116.27 27.00
116.17 28.00
116.08 29.00
115.98 30.00
115.88 31.00
115.79 32.00
115.69 33.00
115.58 34.00
115.48 35.00
115.38 36.00
115.28 37.00
115.17 38.00
115.07 39.00
114.96 40.00
114.86 41.00
114.75 42.00
114.65 43.00
114.54 44.00
114.43 45.00
114.33 46.00
114.23 47.00
114.12 48.00
114.02 49.00
113.92 50.00
113.81 51.00
113.71 52.00
113.61 53.00
113.51 54.00
113.42 55.00
113.32 56.00
113.23 57.00
113.13 58.00
113.04 59.00
112.95 60.00
112.86 61.00
112.77 62.00
112.69 63.00
112.60 64.00
112.52 65.00
112.43 66.00
112.35 67.00
112.27 68.00
112.19 69.00
112.12 70.00
112.04 71.00
111.97 72.00
111.89 73.00
111.82 74.00
111.75 75.00
111.68 76.00
111.61 77.00
111.55 78.00
111.48 79.00
111.42 80.00
111.36 81.00
111.30 82.00
111.24 83.00
111.18 84.00
111.12 85.00
111.07 86.00
111.01 87.00
110.96 88.00
110.91 89.00
110.86 90.00
110.81 91.00
110.76 92.00
110.72 93.00
110.67 94.00
110.63 95.00
110.59 96.00
110.55 97.00
110.51 98.00
110.47 99.00
110.43 100.00
110.40 101.00
110.37 102.00
110.33 103.00
110.30 104.00
110.27 105.00
110.25 106.00
110.22 107.00
110.20 108.00
110.17 109.00
110.15 110.00
110.13 111.00
110.11 112.00
110.09 113.00
110.07 114.00
110.06 115.00
110.05 116.00
110.03 117.00
110.02 118.00
110.01 119.00
110.00 120.00
110.00 121.00
109.99 122.00
109.99 123.00
109.98 124.00
109.98 125.00
109.98 126.00
109.98 127.00
109.98 128.00
109.98 129.00
109.99 130.00
109.99 131.00
109.99 132.00
110.00 133.00
110.00 134.00
110.01 135.00
110.02 136.00
110.03 137.00
110.03 138.00
110.04 139.00
110.05 140.00
110.06 141.00
110.07 142.00
110.08 143.00
110.09 144.00
110.10 145.00
110.11 146.00
110.13 147.00
110.14 148.00
110.15 149.00
110.16 150.00
110.17 151.00
110.18 152.00
110.19 153.00
110.20 154.00
110.22 155.00
110.23 156.00
110.24 157.00
110.25 158.00
110.26 159.00
110.27 160.00
110.27 161.00
110.28 162.00
110.29 163.00
110.30 164.00
110.30 165.00
110.31 166.00
110.32 167.00
110.32 168.00
110.32 169.00
110.33 170.00
110.33 171.00
110.33 172.00
110.33 173.00
110.33 174.00
110.33 175.00
110.32 176.00
110.32 177.00
110.31 178.00
110.30 179.00
110.30 180.00
110.29 181.00
110.28 182.00
110.26 183.00
110.25 184.00
110.23 185.00
110.22 186.00
110.20 187.00
110.18 188.00
110.16 189.00
110.13 190.00
110.11 191.00
110.08 192.00
110.05 193.00
110.02 194.00
109.99 195.00
109.95 196.00
109.92 197.00
109.88 198.00
109.84 199.00
109.80 200.00
109.75 201.00
109.71 202.00
109.66 203.00
109.61 204.00
109.56 205.00
109.51 206.00
109.46 207.00
109.40 208.00
109.35 209.00
109.29 210.00
109.23 211.00
109.17 212.00
109.11 213.00
109.05 214.00
108.98 215.00
108.92 216.00
108.85 217.00
108.78 218.00
108.71 219.00
108.64 220.00
108.57 221.00
108.50 222.00
108.42 223.00
108.35 224.00
108.27 225.00
108.20 226.00
108.12 227.00
108.04 228.00
107.96 229.00
107.89 230.00
107.81 231.00
107.72 232.00
107.64 233.00
107.56 234.00
107.48 235.00
107.39 236.00
107.31 237.00
107.23 238.00
107.14 239.00
107.06 240.00
106.97 241.00
106.88 242.00
106.80 243.00
106.71 244.00
106.62 245.00
106.54 246.00
106.45 247.00
106.36 248.00
106.27 249.00
106.18 250.00
106.10 251.00
106.01 252.00
105.92 253.00
105.83 254.00
105.74 255.00
105.66 256.00
105.57 257.00
105.48 258.00
105.39 259.00
105.31 260.00
105.22 261.00
105.13 262.00
105.05 263.00
104.96 264.00
104.87 265.00
104.79 266.00
104.70 267.00
104.62 268.00
104.53 269.00
104.45 270.00
104.37 271.00
104.29 272.00
104.20 273.00
104.12 274.00
104.04 275.00
103.96 276.00
103.89 277.00
103.81 278.00
103.73 279.00
103.65 280.00
103.58 281.00
103.50 282.00
103.43 283.00
103.36 284.00
103.29 285.00
103.22 286.00
103.15 287.00
103.08 288.00
103.01 289.00
102.95 290.00
102.88 291.00
102.82 292.00
102.76 293.00
102.70 294.00
102.64 295.00
102.58 296.00
102.52 297.00
102.47 298.00
102.41 299.00
102.36 300.00
102.31 301.00
102.26 302.00
102.21 303.00
102.16 304.00
102.12 305.00
102.07 306.00
102.03 307.00
101.99 308.00
101.95 309.00
101.91 310.00
101.87 311.00
101.84 312.00
101.81 313.00
101.78 314.00
101.75 315.00
101.72 316.00
101.69 317.00
101.67 318.00
101.64 319.00
101.62 320.00
101.60 321.00
101.59 322.00
101.57 323.00
101.56 324.00
101.54 325.00
101.53 326.00
101.53 327.00
101.52 328.00
101.52 329.00
101.51 330.00
101.51 331.00
101.52 332.00
101.52 333.00
101.53 334.00
101.53 335.00
101.54 336.00
101.56 337.00
101.57 338.00
101.59 339.00
101.61 340.00
101.63 341.00
101.65 342.00
101.68 343.00
101.71 344.00
101.74 345.00
101.77 346.00
101.80 347.00
101.84 348.00
101.88 349.00
101.92 350.00
101.97 351.00
102.01 352.00
102.06 353.00
102.11 354.00
102.17 355.00
102.23 356.00
102.29 357.00
102.35 358.00
102.41 359.00
102.48 360.00
102.55 361.00
102.62 362.00
102.70 363.00
102.78 364.00
102.86 365.00
102.94 366.00
103.03 367.00
103.12 368.00
103.21 369.00
103.30 370.00
103.40 371.00
103.50 372.00
103.60 373.00
103.70 374.00
103.81 375.00
103.92 376.00
104.03 377.00
104.15 378.00
104.26 379.00
104.38 380.00
104.50 381.00
104.62 382.00
104.74 383.00
104.87 384.00
104.99 385.00
105.12 386.00
105.25 387.00
105.38 388.00
105.52 389.00
105.65 390.00
105.79 391.00
105.92 392.00
106.06 393.00
106.20 394.00
106.34 395.00
106.48 396.00
106.62 397.00
106.76 398.00
106.91 399.00
107.05 400.00
107.20 401.00
107.34 402.00
107.49 403.00
107.63 404.00
107.78 405.00
107.92 406.00
108.07 407.00
108.22 408.00
108.36 409.00
108.51 410.00
108.66 411.00
108.80 412.00
108.95 413.00
109.10 414.00
109.24 415.00
109.39 416.00
109.53 417.00
109.68 418.00
109.82 419.00
109.96 420.00
110.10 421.00
110.25 422.00
110.39 423.00
110.53 424.00
110.66 425.00
110.80 426.00
110.94 427.00
111.07 428.00
111.21 429.00
111.34 430.00
111.47 431.00
111.60 432.00
111.73 433.00
111.85 434.00
111.98 435.00
112.10 436.00
112.22 437.00
112.34 438.00
112.46 439.00
112.57 440.00
112.68 441.00
112.80 442.00
112.90 443.00
113.01 444.00
113.11 445.00
113.22 446.00
113.31 447.00
113.41 448.00
113.50 449.00
113.59 450.00
113.68 451.00
113.77 452.00
113.85 453.00
113.93 454.00
114.01 455.00
114.08 456.00
114.16 457.00
114.23 458.00
114.29 459.00
114.36 460.00
114.42 461.00
114.48 462.00
114.54 463.00
114.60 464.00
114.65 465.00
114.70 466.00
114.75 467.00
114.80 468.00
114.84 469.00
114.88 470.00
114.92 471.00
114.96 472.00
115.00 473.00
115.03 474.00
115.06 475.00
115.09 476.00
115.12 477.00
115.15 478.00
115.17 479.00
115.19 480.00
115.21 481.00
115.23 482.00
115.25 483.00
115.26 484.00
115.28 485.00
115.29 486.00
115.30 487.00
115.31 488.00
115.31 489.00
115.32 490.00
115.32 491.00
115.33 492.00
115.33 493.00
115.33 494.00
115.32 495.00
115.32 496.00
115.31 497.00
115.31 498.00
115.30 499.00
115.29 500.00
115.28 501.00
115.27 502.00
115.26 503.00
115.24 504.00
115.23 505.00
115.21 506.00
115.20 507.00
115.18 508.00
115.16 509.00
115.14 510.00
115.12 511.00
115.10 512.00
115.07 513.00
115.05 514.00
115.03 515.00
115.00 516.00
114.97 517.00
114.95 518.00
114.92 519.00
114.89 520.00
114.86 521.00
114.83 522.00
114.80 523.00
114.77 524.00
114.74 525.00
114.71 526.00
114.68 527.00
114.64 528.00
114.61 529.00
114.58 530.00
114.54 531.00
114.51 532.00
114.47 533.00
114.44 534.00
114.40 535.00
114.37 536.00
114.33 537.00
114.29 538.00
114.25 539.00
114.21 540.00
114.17 541.00
114.13 542.00
114.09 543.00
114.05 544.00
114.01 545.00
113.96 546.00
113.91 547.00
113.86 548.00
113.81 549.00
113.76 550.00
113.71 551.00
113.66 552.00
113.60 553.00
113.54 554.00
113.48 555.00
113.42 556.00
113.35 557.00
113.29 558.00
113.22 559.00
113.14 560.00
113.07 561.00
112.99 562.00
112.91 563.00
112.83 564.00
112.75 565.00
112.66 566.00
112.57 567.00
112.47 568.00
112.38 569.00
112.28 570.00
112.17 571.00
112.07 572.00
111.96 573.00
111.84 574.00
111.73 575.00
111.61 576.00
111.48 577.00
111.35 578.00
111.22 579.00
111.09 580.00
110.94 581.00
110.80 582.00
110.65 583.00
110.50 584.00
110.34 585.00
110.18 586.00
110.01 587.00
109.84 588.00
109.67 589.00
109.49 590.00
109.30 591.00
109.11 592.00
108.92 593.00
108.72 594.00
108.51 595.00
108.30 596.00
108.09 597.00
107.87 598.00
107.64 599.00
107.41 600.00
107.17 601.00
106.93 602.00
106.68 603.00
106.42 604.00
106.16 605.00
105.90 606.00
105.62 607.00
105.35 608.00
105.07 609.00
104.78 610.00
104.49 611.00
104.19 612.00
103.89 613.00
103.59 614.00
103.28 615.00
102.97 616.00
102.66 617.00
102.34 618.00
102.02 619.00
101.69 620.00
101.36 621.00
101.03 622.00
100.70 623.00
100.37 624.00
100.03 625.00
99.69 626.00
99.35 627.00
99.01 628.00
98.66 629.00
98.32 630.00
97.97 631.00
97.62 632.00
97.27 633.00
96.92 634.00
96.57 635.00
96.22 636.00
95.87 637.00
95.52 638.00
95.17 639.00
94.83 640.00
94.48 641.00
94.13 642.00
93.78 643.00
93.44 644.00
93.09 645.00
92.75 646.00
92.41 647.00
92.07 648.00
91.73 649.00
91.39 650.00
91.06 651.00
90.73 652.00
90.40 653.00
90.07 654.00
89.75 655.00
89.43 656.00
89.12 657.00
88.80 658.00
88.49 659.00
88.19 660.00
87.89 661.00
87.59 662.00
87.30 663.00
87.01 664.00
86.73 665.00
86.45 666.00
86.18 667.00
85.91 668.00
85.64 669.00
85.38 670.00
85.13 671.00
84.88 672.00
84.63 673.00
84.39 674.00
84.15 675.00
83.92 676.00
83.69 677.00
83.46 678.00
83.24 679.00
83.03 680.00
82.82 681.00
82.61 682.00
82.41 683.00
82.21 684.00
82.01 685.00
81.82 686.00
81.63 687.00
81.45 688.00
81.27 689.00
81.09 690.00
80.92 691.00
80.76 692.00
80.59 693.00
80.43 694.00
80.27 695.00
80.12 696.00
79.97 697.00
79.83 698.00
79.68 699.00
79.55 700.00
79.41 701.00
79.28 702.00
79.15 703.00
79.02 704.00
78.90 705.00
78.78 706.00
78.67 707.00
78.56 708.00
78.45 709.00
78.34 710.00
78.24 711.00
78.14 712.00
78.05 713.00
77.95 714.00
77.86 715.00
77.78 716.00
77.69 717.00
77.61 718.00
77.53 719.00
77.46 720.00
77.38 721.00
77.31 722.00
77.24 723.00
77.18 724.00
77.12 725.00
77.06 726.00
77.00 727.00
76.95 728.00
76.89 729.00
76.84 730.00
76.80 731.00
76.75 732.00
76.71 733.00
76.67 734.00
76.63 735.00
76.60 736.00
76.56 737.00
76.53 738.00
76.50 739.00
76.47 740.00
76.45 741.00
76.43 742.00
76.41 743.00
76.39 744.00
76.37 745.00
76.35 746.00
76.34 747.00
76.33 748.00
76.32 749.00
76.31 750.00
76.31 751.00
76.30 752.00
76.30 753.00
76.30 754.00
76.30 755.00
76.31 756.00
76.31 757.00
76.32 758.00
76.32 759.00
76.33 760.00
76.34 761.00
76.36 762.00
76.37 763.00
76.39 764.00
76.40 765.00
76.42 766.00
76.44 767.00
76.46 768.00
76.48 769.00
76.51 770.00
76.53 771.00
76.56 772.00
76.59 773.00
76.61 774.00
76.64 775.00
76.67 776.00
76.71 777.00
76.74 778.00
76.77 779.00
76.81 780.00
76.84 781.00
76.88 782.00
76.92 783.00
76.96 784.00
77.00 785.00
77.04 786.00
77.08 787.00
77.12 788.00
77.16 789.00
77.21 790.00
77.25 791.00
77.30 792.00
77.34 793.00
77.39 794.00
77.44 795.00
77.49 796.00
77.53 797.00
77.58 798.00
77.63 799.00
77.68 800.00
77.73 801.00
77.78 802.00
77.83 803.00
77.88 804.00
77.94 805.00
77.99 806.00
78.04 807.00
78.09 808.00
78.15 809.00
78.20 810.00
78.25 811.00
78.31 812.00
78.36 813.00
78.41 814.00
78.47 815.00
78.52 816.00
78.57 817.00
78.63 818.00
78.68 819.00
78.74 820.00
78.79 821.00
78.84 822.00
78.90 823.00
78.95 824.00
79.00 825.00
79.05 826.00
79.11 827.00
79.16 828.00
79.21 829.00
79.26 830.00
79.31 831.00
79.36 832.00
79.41 833.00
79.46 834.00
79.51 835.00
79.56 836.00
79.61 837.00
79.66 838.00
79.71 839.00
79.75 840.00
79.80 841.00
79.84 842.00
79.89 843.00
79.93 844.00
79.98 845.00
80.02 846.00
80.07 847.00
80.11 848.00
80.15 849.00
80.19 850.00
80.23 851.00
80.27 852.00
80.31 853.00
80.35 854.00
80.39 855.00
80.43 856.00
80.46 857.00
80.50 858.00
80.54 859.00
80.57 860.00
80.61 861.00
80.64 862.00
80.68 863.00
80.71 864.00
80.74 865.00
80.78 866.00
80.81 867.00
80.84 868.00
80.87 869.00
80.90 870.00
80.93 871.00
80.96 872.00
80.99 873.00
81.02 874.00
81.05 875.00
81.07 876.00
81.10 877.00
81.12 878.00
81.15 879.00
81.18 880.00
81.20 881.00
81.22 882.00
81.25 883.00
81.27 884.00
81.29 885.00
81.31 886.00
81.33 887.00
81.35 888.00
81.37 889.00
81.39 890.00
81.41 891.00
81.43 892.00
81.45 893.00
81.47 894.00
81.48 895.00
81.50 896.00
81.51 897.00
81.53 898.00
81.54 899.00
81.56 900.00
81.57 901.00
81.58 902.00
81.59 903.00
81.61 904.00
81.62 905.00
81.63 906.00
81.64 907.00
81.65 908.00
81.66 909.00
81.66 910.00
81.67 911.00
81.68 912.00
81.68 913.00
81.69 914.00
81.70 915.00
81.70 916.00
81.71 917.00
81.71 918.00
81.71 919.00
81.71 920.00
81.72 921.00
81.72 922.00
81.72 923.00
81.72 924.00
81.72 925.00
81.72 926.00
81.72 927.00
81.72 928.00
81.71 929.00
81.71 930.00
81.71 931.00
81.70 932.00
81.70 933.00
81.69 934.00
81.69 935.00
81.68 936.00
81.67 937.00
81.67 938.00
81.66 939.00
81.65 940.00
81.64 941.00
81.63 942.00
81.63 943.00
81.62 944.00
81.61 945.00
81.60 946.00
81.58 947.00
81.57 948.00
81.56 949.00
81.55 950.00
81.54 951.00
81.53 952.00
81.52 953.00
81.50 954.00
81.49 955.00
81.48 956.00
81.47 957.00
81.45 958.00
81.44 959.00
81.43 960.00
81.41 961.00
81.40 962.00
81.39 963.00
81.37 964.00
81.36 965.00
81.35 966.00
81.33 967.00
81.32 968.00
81.31 969.00
81.30 970.00
81.28 971.00
81.27 972.00
81.26 973.00
81.24 974.00
81.23 975.00
81.22 976.00
81.21 977.00
81.20 978.00
81.19 979.00
81.17 980.00
81.16 981.00
81.15 982.00
81.14 983.00
81.13 984.00
81.12 985.00
81.11 986.00
81.11 987.00
81.10 988.00
81.09 989.00
81.08 990.00
81.07 991.00
81.07 992.00
81.06 993.00
81.06 994.00
81.05 995.00
81.05 996.00
81.04 997.00
81.04 998.00
81.04 999.00
81.03 1000.00
81.03 1001.00
81.03 1002.00
81.03 1003.00
81.03 1004.00
81.03 1005.00
81.04 1006.00
81.04 1007.00
81.04 1008.00
81.05 1009.00
81.05 1010.00
81.06 1011.00
81.06 1012.00
81.07 1013.00
81.08 1014.00
81.09 1015.00
81.10 1016.00
81.11 1017.00
81.12 1018.00
81.13 1019.00
81.15 1020.00
81.16 1021.00
81.17 1022.00
81.19 1023.00
81.21 1024.00
81.22 1025.00
81.24 1026.00
81.26 1027.00
81.28 1028.00
81.30 1029.00
81.32 1030.00
81.34 1031.00
81.36 1032.00
81.38 1033.00
81.40 1034.00
81.43 1035.00
81.45 1036.00
81.47 1037.00
81.49 1038.00
81.52 1039.00
81.54 1040.00
81.57 1041.00
81.59 1042.00
81.62 1043.00
81.64 1044.00
81.67 1045.00
81.69 1046.00
81.72 1047.00
81.75 1048.00
81.77 1049.00
81.80 1050.00
81.82 1051.00
81.85 1052.00
81.88 1053.00
81.90 1054.00
81.93 1055.00
81.96 1056.00
81.98 1057.00
82.01 1058.00
82.03 1059.00
82.06 1060.00
82.08 1061.00
82.11 1062.00
82.13 1063.00
82.16 1064.00
82.18 1065.00
82.21 1066.00
82.23 1067.00
82.26 1068.00
82.28 1069.00
82.30 1070.00
82.32 1071.00
82.35 1072.00
82.37 1073.00
82.39 1074.00
82.41 1075.00
82.43 1076.00
82.45 1077.00
82.47 1078.00
82.48 1079.00
82.50 1080.00
82.52 1081.00
82.53 1082.00
82.55 1083.00
82.56 1084.00
82.58 1085.00
82.59 1086.00
82.60 1087.00
82.61 1088.00
82.62 1089.00
82.63 1090.00
82.64 1091.00
82.65 1092.00
82.66 1093.00
82.66 1094.00
82.67 1095.00
82.67 1096.00
82.68 1097.00
82.68 1098.00
82.68 1099.00
82.68 1100.00
82.68 1101.00
82.67 1102.00
82.67 1103.00
82.66 1104.00
82.66 1105.00
82.65 1106.00
82.64 1107.00
82.63 1108.00
82.62 1109.00
82.61 1110.00
82.59 1111.00
82.58 1112.00
82.56 1113.00
82.54 1114.00
82.52 1115.00
82.50 1116.00
82.48 1117.00
82.45 1118.00
82.42 1119.00
82.40 1120.00
82.37 1121.00
82.34 1122.00
82.30 1123.00
82.27 1124.00
82.23 1125.00
82.20 1126.00
82.16 1127.00
82.12 1128.00
82.07 1129.00
82.03 1130.00
81.99 1131.00
81.94 1132.00
81.89 1133.00
81.84 1134.00
81.79 1135.00
81.74 1136.00
81.69 1137.00
81.64 1138.00
81.58 1139.00
81.53 1140.00
81.47 1141.00
81.41 1142.00
81.35 1143.00
81.29 1144.00
81.23 1145.00
81.17 1146.00
81.10 1147.00
81.04 1148.00
80.97 1149.00
80.90 1150.00
80.84 1151.00
80.77 1152.00
80.70 1153.00
80.63 1154.00
80.56 1155.00
80.48 1156.00
80.41 1157.00
80.34 1158.00
80.26 1159.00
80.19 1160.00
80.11 1161.00
80.03 1162.00
79.96 1163.00
79.88 1164.00
79.80 1165.00
79.72 1166.00
79.64 1167.00
79.56 1168.00
79.48 1169.00
79.40 1170.00
79.31 1171.00
79.23 1172.00
79.15 1173.00
79.06 1174.00
78.98 1175.00
78.90 1176.00
78.81 1177.00
78.73 1178.00
78.64 1179.00
78.55 1180.00
78.47 1181.00
78.38 1182.00
78.30 1183.00
78.21 1184.00
78.12 1185.00
78.04 1186.00
77.95 1187.00
77.86 1188.00
77.77 1189.00
77.69 1190.00
77.60 1191.00
77.51 1192.00
77.42 1193.00
77.34 1194.00
77.25 1195.00
77.16 1196.00
77.07 1197.00
76.99 1198.00
76.90 1199.00
76.81 1200.00
76.72 1201.00
76.64 1202.00
76.55 1203.00
76.46 1204.00
76.38 1205.00
76.29 1206.00
76.21 1207.00
76.12 1208.00
76.04 1209.00
75.95 1210.00
75.87 1211.00
75.78 1212.00
75.70 1213.00
75.62 1214.00
75.53 1215.00
75.45 1216.00
75.37 1217.00
75.29 1218.00
75.21 1219.00
75.13 1220.00
75.05 1221.00
74.97 1222.00
74.89 1223.00
74.81 1224.00
74.73 1225.00
74.66 1226.00
74.58 1227.00
74.51 1228.00
74.43 1229.00
74.36 1230.00
74.29 1231.00
74.21 1232.00
74.14 1233.00
74.07 1234.00
74.00 1235.00
73.93 1236.00
73.87 1237.00
73.80 1238.00
73.73 1239.00
73.67 1240.00
73.61 1241.00
73.54 1242.00
73.48 1243.00
73.42 1244.00
73.36 1245.00
73.30 1246.00
73.24 1247.00
73.19 1248.00
73.13 1249.00
73.08 1250.00
73.02 1251.00
72.97 1252.00
72.92 1253.00
72.87 1254.00
72.82 1255.00
72.78 1256.00
72.73 1257.00
72.69 1258.00
72.64 1259.00
72.60 1260.00
72.56 1261.00
72.52 1262.00
72.49 1263.00
72.45 1264.00
72.42 1265.00
72.38 1266.00
72.35 1267.00
72.32 1268.00
72.30 1269.00
72.27 1270.00
72.24 1271.00
72.22 1272.00
72.20 1273.00
72.18 1274.00
72.16 1275.00
72.14 1276.00
72.13 1277.00
72.11 1278.00
72.10 1279.00
72.09 1280.00
72.08 1281.00
72.07 1282.00
72.06 1283.00
72.06 1284.00
72.05 1285.00
72.05 1286.00
72.05 1287.00
72.05 1288.00
72.05 1289.00
72.05 1290.00
72.05 1291.00
72.06 1292.00
72.06 1293.00
72.07 1294.00
72.08 1295.00
72.09 1296.00
72.10 1297.00
72.11 1298.00
72.13 1299.00
72.14 1300.00
72.16 1301.00
72.17 1302.00
72.19 1303.00
72.21 1304.00
72.23 1305.00
72.25 1306.00
72.28 1307.00
72.30 1308.00
72.33 1309.00
72.35 1310.00
72.38 1311.00
72.41 1312.00
72.44 1313.00
72.47 1314.00
72.50 1315.00
72.53 1316.00
72.56 1317.00
72.60 1318.00
72.63 1319.00
72.67 1320.00
72.71 1321.00
72.74 1322.00
72.78 1323.00
72.82 1324.00
72.86 1325.00
72.91 1326.00
72.95 1327.00
72.99 1328.00
73.04 1329.00
73.08 1330.00
73.13 1331.00
73.17 1332.00
73.22 1333.00
73.27 1334.00
73.32 1335.00
73.37 1336.00
73.42 1337.00
73.47 1338.00
73.52 1339.00
73.57 1340.00
73.63 1341.00
73.68 1342.00
73.74 1343.00
73.79 1344.00
73.85 1345.00
73.90 1346.00
73.96 1347.00
74.02 1348.00
74.08 1349.00
74.14 1350.00
74.20 1351.00
74.26 1352.00
74.32 1353.00
74.38 1354.00
74.44 1355.00
74.50 1356.00
74.57 1357.00
74.63 1358.00
74.69 1359.00
74.76 1360.00
74.82 1361.00
74.89 1362.00
74.95 1363.00
75.02 1364.00
75.09 1365.00
75.15 1366.00
75.22 1367.00
75.29 1368.00
75.36 1369.00
75.42 1370.00
75.49 1371.00
75.56 1372.00
75.63 1373.00
75.70 1374.00
75.77 1375.00
75.84 1376.00
75.91 1377.00
75.98 1378.00
76.05 1379.00
76.12 1380.00
76.19 1381.00
76.26 1382.00
76.34 1383.00
76.41 1384.00
76.48 1385.00
76.55 1386.00
76.62 1387.00
76.70 1388.00
76.77 1389.00
76.84 1390.00
76.91 1391.00
76.99 1392.00
77.06 1393.00
77.13 1394.00
77.21 1395.00
77.28 1396.00
77.35 1397.00
77.42 1398.00
77.50 1399.00
77.57 1400.00
77.64 1401.00
77.72 1402.00
77.79 1403.00
77.86 1404.00
77.93 1405.00
78.01 1406.00
78.08 1407.00
78.15 1408.00
78.22 1409.00
78.29 1410.00
78.37 1411.00
78.44 1412.00
78.51 1413.00
78.58 1414.00
78.65 1415.00
78.72 1416.00
78.79 1417.00
78.86 1418.00
78.93 1419.00
79.00 1420.00
79.07 1421.00
79.14 1422.00
79.21 1423.00
79.28 1424.00
79.35 1425.00
79.42 1426.00
79.48 1427.00
79.55 1428.00
79.62 1429.00
79.68 1430.00
79.75 1431.00
79.82 1432.00
79.88 1433.00
79.95 1434.00
80.01 1435.00
80.07 1436.00
80.14 1437.00
80.20 1438.00
80.26 1439.00
80.32 1440.00
80.39 1441.00
80.45 1442.00
80.51 1443.00
80.57 1444.00
80.62 1445.00
80.68 1446.00
80.74 1447.00
80.80 1448.00
80.86 1449.00
80.91 1450.00
80.97 1451.00
81.02 1452.00
81.08 1453.00
81.13 1454.00
81.18 1455.00
81.23 1456.00
81.28 1457.00
81.34 1458.00
81.39 1459.00
81.43 1460.00
81.48 1461.00
81.53 1462.00
81.58 1463.00
81.62 1464.00
81.67 1465.00
81.71 1466.00
81.75 1467.00
81.80 1468.00
81.84 1469.00
81.88 1470.00
81.92 1471.00
81.96 1472.00
82.00 1473.00
82.03 1474.00
82.07 1475.00
82.11 1476.00
82.14 1477.00
82.17 1478.00
82.20 1479.00
82.24 1480.00
82.27 1481.00
82.30 1482.00
82.32 1483.00
82.35 1484.00
82.38 1485.00
82.40 1486.00
82.43 1487.00
82.45 1488.00
82.47 1489.00
82.49 1490.00
82.51 1491.00
82.53 1492.00
82.55 1493.00
82.56 1494.00
82.58 1495.00
82.59 1496.00
82.60 1497.00
82.61 1498.00
82.62 1499.00
82.63 1500.00
